Category,Subcategory,2024 Begroot,2024 Realisatie,2025 Begroot,2025 Realisatie,2026 Begroot,2026 Prognose,2027 Begroot
Kosten,Bijdrage hoofdvereniging,20639,20639,23000,43720,23000,39614,40802
Kosten,Klein onderhoud,11330,17552,11670,24713,17000,38000,39140
Kosten,Onderhoud lift,19544,19481,20130,14659,10000,10000,10300
Kosten,Elektra,23500,17346,17613,12842,15000,11000,11330
Kosten,Schoonmaak,10464,10464,10778,10464,11000,16000,11330
Kosten,Verzekeringen,1519,1498,1565,1498,1600,1600,1648
Kosten,Beheerder,10261,12673,10569,11014,16000,11912,12269
Kosten,Beheer > € 10.000,0,0,0,0,0,3040,3131
Kosten,Bank,300,261,309,496,300,500,515
Kosten,Verenigingskosten,3456,4957,3560,1568,3000,3000,3090
Kosten,Afrondingsverschillen,0,-12,0,0,0,0,0
Kosten,Subtotaal Exploitatie,101013,104871,99193,121282,96900,134666,133556
Kosten,Reservering groot onderhoud,96188,94097,113784,92423,128476,90710,118708
Kosten,Totaal,197201,198968,212977,214490,225376,225376,252264
Opbrengsten,Periodieke bijdrage eigenaars,197201,197200,212977,212977,223626,223626,250461
Opbrengsten,Rente,0,1768,0,1513,1750,1750,1803
Opbrengsten,Totaal,197201,198968,212977,214490,225376,225376,252264

Opbrengsten /
credit
Periodieke bijdrage eigenaars 197201 197200 212977 212977 223626 223626 250000
Rente 1768 1513 1750 1750 1803
Totaal 197201 198968 212977 214490 225376 225376 252264